141
2471
1716
3012
2715
1064
1188
1556
418
218
3726
590
908
529
1740
1011
727
63
1833
1152
4826
5510
1998
812
1798
3012
362
1809
3090
2762
4700
1840
2902
3114
3082
5028
2230
1632
3774
3114
1446
155
247
1632
2385
5386
4394
1888
698
1269
1248
2821
849
2908
5028
612
1269
2902
3082
2640
2762
814
833
1225
3718
698
4704
748
1716
4744
1740
1036
520
833
112
1014
4826
1542
3012
434
2068
1160
1446
572
5522
2874
812
5332
1888
112
91
1230
3774
3956
2298
1478
3046
594
727
572
5186
2471
5522
2821
1160
5522
520
814
651
142
497
1804
2616
434
612
395
3082
2846
1840
2600
908
2640
6016
4700
226
3510
1188
2772
2664
1521
2639
2230
1248
1170
2851
1888
594
2208
247
4704
395
1804
1225
812
3082
590
3718
3956
833
1248
5028
218
1230
1446
2385
590
1809
2278
1542
3090
934
3774
5348
1486
814
2821
2537
684
3293
63
2914
4388
572
3293
3012
5186
1478
934
1188
226
4004
1740
2664
849
1632
849
2132
226
2116
5386
2600
465
2762
3774
2278
2592
4826
1840
684
2208
1160
1542
2278
112
1275
1011
4394
5510
362
2132
3046
3596
812
4394
727
247
1080
748
4826
2846
5348
1740
1456
1176
1456
590
590
1809
1248
1716
2068
2278
5400
247
5186
3510
5522
908
5332
1486
2851
3128
142
362
5386
1152
1011
1632
108
529
3510
2298
1998
684
969
2914
612
1909
1556
2902
698
1456
218
3024
2537
465
362
3256
108
672
2280
2592
2068
1064
108
646
698
2298
63
608
2762
2874
3718
969
226
5186
1521
1064
969
2914
5310
1486
698
1804
434
2016
4388
3718
2230
1882
2908
465
2715
2851
2471
1888
1456
1176
2616
155
2500
3046
5510
969
1248
1998
1716
1152
1230
2592
5522
2068
612
672
1521
520
418
684
1833
1882
5400
1542
395
833
1225
2851
1521
594
1170
3082
155
934
1882
5332
5400
2600
5510
2616
1036
572
2715
2278
1740
2639
1804
2639
1716
2298
651
1776
1556
651
2772
3128
727
520
1419
2715
3114
727
2640
63
91
360
1000
1446
651
2208
1632
155
594
2208
6016
1152
1011
2821
4744
5586
1188
5348
4394
2902
1840
2537
1011
1225
849
529
2821
2715
1188
108
374
612
112
1014
1064
2772
594
2592
4388
2874
1998
2846
5332
934
465
1160
748
2772
2385
833
2471
651
5400
434
90
226
3024
3128
814
2600
2640
5028
142
2280
2537
1064
1998
5348
4700
3718
465
312
2592
112
218
2902
529
108
1446
2616
1152
2471
1840
3774
5332
434
550
1798
1036
4826
1882
3510
5386
6016
5400
529
374
520
5386
1542
2846
1036
1804
748
56
142
2208
5186
3510
812
218
1798
362
1739
684
63
4032
1556
142
1833
1160
1882
1556
1478
2298
247
934
312
