500
4 3 155
7 5 11 24
4 48 2471
8 13 23 14
6 15 858
4 16 7 8 23 17
7 24 1506
14 0 16 1 15 13 7
10 17 905
21 14 15 22 22 23 1 7 15 19
3 19 1064
23 11 18
5 27 594
21 5 0 9 5
9 29 778
9 2 14 22 1 11 0 15 6
2 38 2230
0 11
7 2 109
3 20 21 10 18 18 4
8 46 2755
13 5 10 3 12 16 23 13
2 31 590
12 19
2 34 908
9 2
3 20 529
21 10 5
8 29 870
9 16 7 20 24 23 4 4
10 18 337
0 10 10 11 8 14 14 20 15 21
2 48 727
2 2
3 1 63
0 16 15
7 39 1978
8 4 4 1 14 21 13
2 19 1152
0 0
9 47 2413
14 2 16 11 10 15 21 14 11
8 46 2755
13 5 10 3 12 16 23 13
8 16 999
7 1 0 16 14 14 12 23
9 18 406
1 3 9 16 18 20 1 22 9
9 29 1545
7 3 9 7 4 2 0 14 11
7 24 1506
14 0 16 1 15 13 7
9 3 181
4 17 7 2 7 18 2 23 6
6 27 1454
7 22 12 6 19 13
9 29 1545
7 3 9 7 4 2 0 14 11
4 50 2762
18 5 9 18
8 37 2350
3 22 2 9 10 19 24 10
6 15 920
15 9 7 5 10 13
5 29 1451
11 23 8 6 14
5 28 1557
12 3 5 0 4
9 30 1541
19 9 19 17 13 5 11 5 4
7 42 2514
21 10 15 17 15 24 6
2 38 2230
0 11
3 30 1632
15 3 18
10 22 1258
12 14 3 24 22 3 9 12 8 24
5 28 1557
12 3 5 0 4
6 37 723
13 20 9 18 22 16
4 3 155
7 5 11 24
3 4 247
7 10 9
8 16 1034
12 3 19 19 10 15 23 3
4 47 2385
0 19 0 8
9 50 2693
11 19 20 16 4 15 16 7 3
7 37 2197
0 21 24 10 23 9 16
8 17 944
20 1 0 6 13 13 3 24
2 37 698
8 8
4 47 2385
0 19 0 8
10 7 416
14 22 16 6 10 1 4 23 9 16
3 49 2821
17 19 12
3 14 849
4 0 0
6 27 1454
7 22 12 6 19 13
7 42 2514
21 10 15 17 15 24 6
8 19 306
0 10 0 13 12 19 17 13
4 47 2385
0 19 0 8
5 29 1451
11 23 8 6 14
9 30 1541
19 9 19 17 13 5 11 5 4
7 48 2793
1 11 1 9 18 8 1
4 50 2762
18 5 9 18
6 8 407
8 19 18 11 6 20
4 15 833
17 17 5 10
2 22 1225
21 4
5 30 1859
12 17 11 5 22
2 37 698
8 8
8 48 3008
12 20 15 4 15 8 0 6
7 7 374
1 13 10 17 17 3 4
6 15 858
4 16 7 8 23 17
7 47 2372
1 10 3 18 21 3 13
8 29 870
9 16 7 20 24 23 4 4
2 17 1036
21 17
5 4 260
3 22 1 12 21
4 15 833
17 17 5 10
7 1 56
8 3 19 6 5 24 8
8 13 743
1 18 0 21 5 11 5 1
9 47 2413
14 2 16 11 10 15 21 14 11
5 33 771
8 14 17 19 18
7 24 1506
14 0 16 1 15 13 7
9 4 217
6 15 6 23 6 19 16 8 11
8 16 1034
12 3 19 19 10 15 23 3
5 36 580
0 21 4 6 3
6 37 723
13 20 9 18 22 16
2 9 572
10 0
9 50 2761
9 19 18 23 10 1 2 5 13
7 24 1437
1 0 15 0 4 18 8
9 18 406
1 3 9 16 18 20 1 22 9
8 49 2666
7 24 10 21 16 22 24 22
8 17 944
20 1 0 6 13 13 3 24
7 1 56
8 3 19 6 5 24 8
2 7 395
6 7
2 41 2664
9 21
10 22 1258
12 14 3 24 22 3 9 12 8 24
7 39 1978
8 4 4 1 14 21 13
3 40 2298
19 19 7
2 24 1478
2 11
8 24 1523
9 13 13 11 13 12 6 16
9 13 297
18 15 8 24 7 5 6 11 6
2 48 727
2 2
2 9 572
10 0
5 42 2593
21 21 12 23 13
4 48 2471
8 13 23 14
9 50 2761
9 19 18 23 10 1 2 5 13
3 49 2821
17 19 12
5 36 580
0 21 4 6 3
9 50 2761
9 19 18 23 10 1 2 5 13
5 4 260
3 22 1 12 21
6 8 407
8 19 18 11 6 20
4 13 651
1 9 14 18
2 5 142
7 21
7 7 374
1 13 10 17 17 3 4
8 41 902
13 0 21 21 16 20 24 8
6 23 1308
20 15 12 23 20 13
9 4 217
6 15 6 23 6 19 16 8 11
8 19 306
0 10 0 13 12 19 17 13
2 7 395
6 7
9 30 1541
19 9 19 17 13 5 11 5 4
3 47 2846
16 10 11
6 15 920
15 9 7 5 10 13
7 23 1300
2 6 22 20 18 13 5
2 34 908
9 2
7 48 2793
1 11 1 9 18 8 1
8 48 3008
12 20 15 4 15 8 0 6
8 37 2350
3 22 2 9 10 19 24 10
7 4 113
15 22 12 10 7 16 2
9 35 1755
11 2 9 24 0 10 19 3 18
5 27 594
21 5 0 9 5
6 42 2655
2 5 15 20 7 20
2 41 2664
9 21
4 25 1521
3 11 6 20
2 45 2639
16 10
2 38 2230
0 11
10 7 416
14 22 16 6 10 1 4 23 9 16
2 45 2639
16 10
3 48 2851
11 22 9
8 17 944
20 1 0 6 13 13 3 24
9 13 297
18 15 8 24 7 5 6 11 6
10 26 736
20 22 0 15 11 24 19 15 14 23
3 4 247
7 10 9
8 48 3008
12 20 15 4 15 8 0 6
2 7 395
6 7
8 41 902
13 0 21 21 16 20 24 8
2 22 1225
21 4
9 18 406
1 3 9 16 18 20 1 22 9
9 30 1541
19 9 19 17 13 5 11 5 4
2 31 590
12 19
5 30 1859
12 17 11 5 22
7 39 1978
8 4 4 1 14 21 13
4 15 833
17 17 5 10
10 7 416
14 22 16 6 10 1 4 23 9 16
7 42 2514
21 10 15 17 15 24 6
7 2 109
3 20 21 10 18 18 4
2 41 2664
9 21
6 37 723
13 20 9 18 22 16
4 47 2385
0 19 0 8
2 31 590
12 19
6 27 1454
7 22 12 6 19 13
5 21 1139
20 5 0 17 0
5 33 771
8 14 17 19 18
9 29 1545
7 3 9 7 4 2 0 14 11
4 42 934
0 22 23 3
10 22 1258
12 14 3 24 22 3 9 12 8 24
9 44 2674
4 20 0 22 3 6 21 4 21
8 13 743
1 18 0 21 5 11 5 1
6 8 407
8 19 18 11 6 20
3 49 2821
17 19 12
3 43 2537
3 18 12
3 11 684
20 3 5
8 37 2350
3 22 2 9 10 19 24 10
3 1 63
0 16 15
7 47 2372
1 10 3 18 21 3 13
8 42 2194
2 0 22 1 18 9 17 18
2 9 572
10 0
8 37 2350
3 22 2 9 10 19 24 10
7 24 1506
14 0 16 1 15 13 7
5 42 2593
21 21 12 23 13
2 24 1478
2 11
4 42 934
0 22 23 3
5 27 594
21 5 0 9 5
7 4 113
15 22 12 10 7 16 2
9 44 2674
4 20 0 22 3 6 21 4 21
8 29 870
9 16 7 20 24 23 4 4
2 41 2664
9 21
3 14 849
4 0 0
3 30 1632
15 3 18
3 14 849
4 0 0
6 26 1564
22 1 14 21 22 6
7 4 113
15 22 12 10 7 16 2
6 23 1308
20 15 12 23 20 13
9 50 2693
11 19 20 16 4 15 16 7 3
7 23 1300
2 6 22 20 18 13 5
10 3 155
2 4 1 11 22 24 12 20 19 1
4 50 2762
18 5 9 18
10 22 1258
12 14 3 24 22 3 9 12 8 24
5 21 1139
20 5 0 17 0
5 25 1296
17 19 20 1 8
9 47 2413
14 2 16 11 10 15 21 14 11
6 15 920
15 9 7 5 10 13
3 11 684
20 3 5
10 26 736
20 22 0 15 11 24 19 15 14 23
5 36 580
0 21 4 6 3
5 33 771
8 14 17 19 18
5 21 1139
20 5 0 17 0
7 1 56
8 3 19 6 5 24 8
8 17 944
20 1 0 6 13 13 3 24
10 18 337
0 10 10 11 8 14 14 20 15 21
7 37 2197
0 21 24 10 23 9 16
8 46 2755
13 5 10 3 12 16 23 13
9 3 181
4 17 7 2 7 18 2 23 6
6 26 1564
22 1 14 21 22 6
8 24 1523
9 13 13 11 13 12 6 16
8 28 1798
2 7 3 1 13 2 6 9
9 18 406
1 3 9 16 18 20 1 22 9
7 37 2197
0 21 24 10 23 9 16
2 48 727
2 2
3 4 247
7 10 9
3 30 1632
15 3 18
7 7 374
1 13 10 17 17 3 4
9 47 2413
14 2 16 11 10 15 21 14 11
3 47 2846
16 10 11
9 44 2674
4 20 0 22 3 6 21 4 21
8 29 870
9 16 7 20 24 23 4 4
8 28 1798
2 7 3 1 13 2 6 9
7 24 1437
1 0 15 0 4 18 8
8 28 1798
2 7 3 1 13 2 6 9
2 31 590
12 19
2 31 590
12 19
6 27 1454
7 22 12 6 19 13
10 7 416
14 22 16 6 10 1 4 23 9 16
6 15 858
4 16 7 8 23 17
8 16 1034
12 3 19 19 10 15 23 3
5 21 1139
20 5 0 17 0
8 49 2700
18 5 16 23 13 8 3 16
3 4 247
7 10 9
5 42 2593
21 21 12 23 13
9 35 1755
11 2 9 24 0 10 19 3 18
9 50 2761
9 19 18 23 10 1 2 5 13
2 34 908
9 2
8 49 2666
7 24 10 21 16 22 24 22
8 13 743
1 18 0 21 5 11 5 1
3 48 2851
11 22 9
6 26 1564
22 1 14 21 22 6
2 5 142
7 21
9 3 181
4 17 7 2 7 18 2 23 6
9 50 2693
11 19 20 16 4 15 16 7 3
2 19 1152
0 0
10 18 337
0 10 10 11 8 14 14 20 15 21
3 30 1632
15 3 18
8 1 54
21 15 4 11 22 19 22 3
3 20 529
21 10 5
9 35 1755
11 2 9 24 0 10 19 3 18
3 40 2298
19 19 7
8 16 999
7 1 0 16 14 14 12 23
3 11 684
20 3 5
2 15 969
1 23
7 47 2372
1 10 3 18 21 3 13
8 19 306
0 10 0 13 12 19 17 13
7 23 1300
2 6 22 20 18 13 5
9 29 778
9 2 14 22 1 11 0 15 6
5 29 1451
11 23 8 6 14
2 37 698
8 8
8 28 1798
2 7 3 1 13 2 6 9
7 2 109
3 20 21 10 18 18 4
8 42 2194
2 0 22 1 18 9 17 18
3 43 2537
3 18 12
10 3 155
2 4 1 11 22 24 12 20 19 1
9 3 181
4 17 7 2 7 18 2 23 6
7 37 2197
0 21 24 10 23 9 16
8 1 54
21 15 4 11 22 19 22 3
5 28 1557
12 3 5 0 4
8 24 1523
9 13 13 11 13 12 6 16
5 25 1296
17 19 20 1 8
8 16 1034
12 3 19 19 10 15 23 3
3 19 1064
23 11 18
8 1 54
21 15 4 11 22 19 22 3
2 17 1036
21 17
2 37 698
8 8
3 40 2298
19 19 7
3 1 63
0 16 15
6 8 407
8 19 18 11 6 20
4 50 2762
18 5 9 18
7 24 1437
1 0 15 0 4 18 8
5 30 1859
12 17 11 5 22
2 15 969
1 23
7 4 113
15 22 12 10 7 16 2
5 42 2593
21 21 12 23 13
4 25 1521
3 11 6 20
3 19 1064
23 11 18
2 15 969
1 23
7 47 2372
1 10 3 18 21 3 13
6 42 2655
2 5 15 20 7 20
8 13 743
1 18 0 21 5 11 5 1
2 37 698
8 8
8 41 902
13 0 21 21 16 20 24 8
9 4 217
6 15 6 23 6 19 16 8 11
3 48 2851
11 22 9
8 42 2194
2 0 22 1 18 9 17 18
5 30 1859
12 17 11 5 22
2 38 2230
0 11
2 37 1882
9 17
6 27 1454
7 22 12 6 19 13
10 3 155
2 4 1 11 22 24 12 20 19 1
10 17 905
21 14 15 22 22 23 1 7 15 19
3 48 2851
11 22 9
4 48 2471
8 13 23 14
8 17 944
20 1 0 6 13 13 3 24
8 28 1798
2 7 3 1 13 2 6 9
7 24 1437
1 0 15 0 4 18 8
6 23 1308
20 15 12 23 20 13
4 3 155
7 5 11 24
4 50 2762
18 5 9 18
8 24 1523
9 13 13 11 13 12 6 16
8 46 2755
13 5 10 3 12 16 23 13
2 15 969
1 23
10 7 416
14 22 16 6 10 1 4 23 9 16
8 16 999
7 1 0 16 14 14 12 23
6 15 858
4 16 7 8 23 17
2 19 1152
0 0
2 41 2664
9 21
5 25 1296
17 19 20 1 8
9 50 2761
9 19 18 23 10 1 2 5 13
8 16 1034
12 3 19 19 10 15 23 3
8 19 306
0 10 0 13 12 19 17 13
5 28 1557
12 3 5 0 4
4 25 1521
3 11 6 20
5 4 260
3 22 1 12 21
2 38 2230
0 11
3 11 684
20 3 5
7 39 1978
8 4 4 1 14 21 13
2 37 1882
9 17
8 49 2700
18 5 16 23 13 8 3 16
5 33 771
8 14 17 19 18
2 7 395
6 7
4 15 833
17 17 5 10
2 22 1225
21 4
3 48 2851
11 22 9
4 25 1521
3 11 6 20
9 13 297
18 15 8 24 7 5 6 11 6
2 45 2639
16 10
9 30 1541
19 9 19 17 13 5 11 5 4
4 3 155
7 5 11 24
4 42 934
0 22 23 3
2 37 1882
9 17
8 49 2666
7 24 10 21 16 22 24 22
8 49 2700
18 5 16 23 13 8 3 16
7 23 1300
2 6 22 20 18 13 5
8 46 2755
13 5 10 3 12 16 23 13
6 23 1308
20 15 12 23 20 13
2 17 1036
21 17
2 9 572
10 0
10 17 905
21 14 15 22 22 23 1 7 15 19
5 21 1139
20 5 0 17 0
8 29 870
9 16 7 20 24 23 4 4
2 45 2639
16 10
8 41 902
13 0 21 21 16 20 24 8
2 45 2639
16 10
6 15 858
4 16 7 8 23 17
3 40 2298
19 19 7
4 13 651
1 9 14 18
7 24 1506
14 0 16 1 15 13 7
9 29 778
9 2 14 22 1 11 0 15 6
4 13 651
1 9 14 18
6 42 2655
2 5 15 20 7 20
6 26 1564
22 1 14 21 22 6
2 48 727
2 2
5 4 260
3 22 1 12 21
3 43 2537
3 18 12
10 17 905
21 14 15 22 22 23 1 7 15 19
5 28 1557
12 3 5 0 4
2 48 727
2 2
7 48 2793
1 11 1 9 18 8 1
3 1 63
0 16 15
2 7 395
6 7
2 15 969
1 23
4 25 1521
3 11 6 20
6 37 723
13 20 9 18 22 16
4 13 651
1 9 14 18
10 26 736
20 22 0 15 11 24 19 15 14 23
3 30 1632
15 3 18
4 3 155
7 5 11 24
9 13 297
18 15 8 24 7 5 6 11 6
10 26 736
20 22 0 15 11 24 19 15 14 23
8 48 3008
12 20 15 4 15 8 0 6
2 19 1152
0 0
10 18 337
0 10 10 11 8 14 14 20 15 21
3 49 2821
17 19 12
7 47 2372
1 10 3 18 21 3 13
7 48 2793
1 11 1 9 18 8 1
5 27 594
21 5 0 9 5
9 44 2674
4 20 0 22 3 6 21 4 21
7 37 2197
0 21 24 10 23 9 16
5 29 1451
11 23 8 6 14
6 15 920
15 9 7 5 10 13
3 43 2537
3 18 12
10 18 337
0 10 10 11 8 14 14 20 15 21
2 22 1225
21 4
3 14 849
4 0 0
3 20 529
21 10 5
3 49 2821
17 19 12
10 17 905
21 14 15 22 22 23 1 7 15 19
5 27 594
21 5 0 9 5
8 1 54
21 15 4 11 22 19 22 3
2 34 908
9 2
8 19 306
0 10 0 13 12 19 17 13
7 1 56
8 3 19 6 5 24 8
8 13 743
1 18 0 21 5 11 5 1
3 19 1064
23 11 18
6 42 2655
2 5 15 20 7 20
9 13 297
18 15 8 24 7 5 6 11 6
5 25 1296
17 19 20 1 8
8 42 2194
2 0 22 1 18 9 17 18
7 24 1437
1 0 15 0 4 18 8
8 16 999
7 1 0 16 14 14 12 23
3 47 2846
16 10 11
8 49 2666
7 24 10 21 16 22 24 22
4 42 934
0 22 23 3
10 3 155
2 4 1 11 22 24 12 20 19 1
5 36 580
0 21 4 6 3
7 7 374
1 13 10 17 17 3 4
6 42 2655
2 5 15 20 7 20
4 47 2385
0 19 0 8
4 15 833
17 17 5 10
4 48 2471
8 13 23 14
4 13 651
1 9 14 18
8 49 2700
18 5 16 23 13 8 3 16
9 4 217
6 15 6 23 6 19 16 8 11
2 9 572
10 0
7 4 113
15 22 12 10 7 16 2
8 42 2194
2 0 22 1 18 9 17 18
6 26 1564
22 1 14 21 22 6
6 8 407
8 19 18 11 6 20
7 23 1300
2 6 22 20 18 13 5
7 48 2793
1 11 1 9 18 8 1
7 42 2514
21 10 15 17 15 24 6
2 5 142
7 21
8 24 1523
9 13 13 11 13 12 6 16
3 43 2537
3 18 12
3 19 1064
23 11 18
8 16 999
7 1 0 16 14 14 12 23
9 44 2674
4 20 0 22 3 6 21 4 21
8 37 2350
3 22 2 9 10 19 24 10
5 30 1859
12 17 11 5 22
10 3 155
2 4 1 11 22 24 12 20 19 1
2 24 1478
2 11
5 25 1296
17 19 20 1 8
7 1 56
8 3 19 6 5 24 8
7 2 109
3 20 21 10 18 18 4
5 29 1451
11 23 8 6 14
3 20 529
21 10 5
8 1 54
21 15 4 11 22 19 22 3
6 37 723
13 20 9 18 22 16
6 23 1308
20 15 12 23 20 13
2 19 1152
0 0
4 48 2471
8 13 23 14
6 15 920
15 9 7 5 10 13
10 22 1258
12 14 3 24 22 3 9 12 8 24
8 49 2666
7 24 10 21 16 22 24 22
9 4 217
6 15 6 23 6 19 16 8 11
2 22 1225
21 4
9 29 1545
7 3 9 7 4 2 0 14 11
2 17 1036
21 17
9 47 2413
14 2 16 11 10 15 21 14 11
2 37 1882
9 17
9 35 1755
11 2 9 24 0 10 19 3 18
9 50 2693
11 19 20 16 4 15 16 7 3
8 48 3008
12 20 15 4 15 8 0 6
8 49 2700
18 5 16 23 13 8 3 16
3 20 529
21 10 5
2 34 908
9 2
5 4 260
3 22 1 12 21
9 50 2693
11 19 20 16 4 15 16 7 3
5 33 771
8 14 17 19 18
3 47 2846
16 10 11
2 17 1036
21 17
8 41 902
13 0 21 21 16 20 24 8
7 7 374
1 13 10 17 17 3 4
3 14 849
4 0 0
2 5 142
7 21
10 26 736
20 22 0 15 11 24 19 15 14 23
5 42 2593
21 21 12 23 13
9 35 1755
11 2 9 24 0 10 19 3 18
9 18 406
1 3 9 16 18 20 1 22 9
7 2 109
3 20 21 10 18 18 4
9 29 1545
7 3 9 7 4 2 0 14 11
9 3 181
4 17 7 2 7 18 2 23 6
3 47 2846
16 10 11
3 11 684
20 3 5
3 1 63
0 16 15
7 42 2514
21 10 15 17 15 24 6
9 29 778
9 2 14 22 1 11 0 15 6
2 5 142
7 21
7 39 1978
8 4 4 1 14 21 13
5 36 580
0 21 4 6 3
2 37 1882
9 17
9 29 778
9 2 14 22 1 11 0 15 6
2 24 1478
2 11
3 40 2298
19 19 7
3 4 247
7 10 9
4 42 934
0 22 23 3
2 24 1478
2 11
