200
211
194
339
6367709
366
2344886
339
7884800
19
6699035
501
6181751
1761862
374647
3212387
459
175
129
242
119
902891
368
637616
407
477
311
20
71
4215673
454
121
8339653
6442312
3248652
8962668
6836134
3107548
4866468
3451567
214
453
5
9061674
7541413
4193653
7457028
2166814
459
2222712
231
4637021
8457338
161
216
9558889
986314
235
352
298
7035451
173
4245427
291
104
257
228
1510376
1000
24
8272582
8365898
4673695
2615545
266
4172788
197
179
198
6255822
93
356
56
77
17
9001794
373
7828612
7888895
1372989
200
9470678
1245509
205
72
268
89
519834
23
6163805
417
4352543
449
3454339
334
6899426
160
7630259
129
282617
6484779
9840693
6028340
4869522
421
4710085
2982644
1451515
242
3712962
7184830
201
6559595
124
188
1714670
4419334
380
2587502
453
97
244
48
1
366
8032531
459
286793
393
500
1887748
4113841
279
399
347
479
6077275
8730595
9488524
8160115
228
13
334
6210077
127
140
63
608630
9137221
2732794
1348711
8150845
7320933
3336044
1829246
420521
8148301
8643229
4425830
382
376
307
250
321
7464407
374
4134267
211
271267
2873648
390
363
175
1227442
8265721
449
477
5345625
6751441
10000000
6057863
47
115
83
9747540
271
5373886
9822276
474
292
9
