11
11
17
75
18
66
17
80
1
76
23
75
65
61
67
20
11
8
12
8
62
18
62
20
20
17
1
4
70
20
8
80
75
67
80
77
67
73
67
11
20
1
80
78
70
78
66
20
66
12
73
80
11
11
80
62
12
17
17
77
11
70
17
4
16
12
64
42
1
80
80
73
66
16
70
11
11
11
75
4
17
4
4
1
80
18
80
80
63
11
80
63
11
4
16
4
62
1
75
20
71
20
67
17
77
11
79
8
61
75
80
75
73
20
73
67
64
12
68
77
11
75
8
11
64
72
18
66
20
4
12
4
0
18
80
20
61
18
23
65
70
16
19
17
20
75
80
80
80
12
1
17
75
8
9
4
62
80
67
63
80
78
67
65
62
80
80
72
18
18
17
12
17
78
18
70
11
61
67
18
17
11
63
80
20
20
74
76
80
75
4
8
4
80
16
74
80
20
17
1
